Webots Project File version R2023a
perspectives: 000000ff00000000fd00000002000000010000041f000002f1fc0200000001fb0000001400540065007800740045006400690074006f00720100000016000002f10000008900ffffff0000000300000738000000d9fc0100000001fb0000001a0043006f006e0073006f006c00650041006c006c0041006c006c0100000000000007380000006900ffffff00000317000002f100000001000000020000000100000008fc00000000
simulationViewPerspectives: 000000ff0000000100000002000001000000051a0100000002010000000101
sceneTreePerspectives: 000000ff00000001000000030000001c000000c0000000fa0100000002010000000201
maximizedDockId: -1
centralWidgetVisible: 1
orthographicViewHeight: 1
textFiles: 1 "controllers/supervisor/supervisor.py" "controllers/robot/robot.py"
consoles: Console:All:All
renderingDevicePerspectives: robot:camera;0;3.46154;0;0.00864179
renderingDevicePerspectives: robot:camera1;1;0.345313;0;0
